  301  9 1.7080 57.0 0 0
  451  8 1.7240 67.5 0 0
  501  7 1.7200 54.5 0 0
  642  9 1.5580 53.0 1 0
  901  9 1.8950 57.0 1 0
 1701  8 2.3360 61.0 0 0
 1752  6 1.9190 58.0 0 0
 1753  6 1.4150 56.0 0 0
 1901  8 1.9870 58.5 0 0
 1951  9 1.9420 60.0 0 0
 1952  6 1.6020 53.0 0 0
 2001  8 1.7350 54.0 1 0
 2101  8 2.1930 58.5 0 0
 2401  8 2.1180 60.5 1 0
 3102  8 2.2580 58.0 1 0
 3142  7 1.9320 53.0 1 0
 3541  5 1.4720 50.0 1 0
 3551  6 1.8780 53.0 0 0
 4201  9 2.3520 59.0 1 0
 4301  9 2.6040 61.5 1 0
 4351  5 1.4000 49.0 0 0
 5151  5 1.2560 52.5 0 0
 5152  4 0.8390 48.0 0 0
 5201  7 2.5780 62.5 1 0
 5601  9 2.9880 65.0 0 0
 5642  3 1.4040 51.5 1 0
 5702  9 2.3480 60.0 1 0
 6042  5 1.7550 52.0 1 0
 6101  8 2.9800 60.0 0 0
 6801  9 2.1000 60.0 0 0
 6851  5 1.2820 49.0 0 0
 7201  9 3.0000 65.5 1 0
 7251  8 2.6730 60.0 0 0
 7252  7 2.0930 57.5 0 0
 7253  5 1.6120 52.0 0 0
 8501  8 2.1750 59.0 0 0
 8801  9 2.7250 59.0 1 0
 9101  8 2.0710 55.0 1 0
 9201  8 1.5470 57.0 1 0
 9301  8 2.0040 57.0 1 0
 9501  9 3.1350 60.0 0 0
 9801  8 2.4200 59.0 1 0
10041  5 1.7760 51.0 1 0
10401  8 1.9310 57.0 0 0
10451  5 1.3430 50.0 0 0
10601  9 2.0760 57.0 0 0
10701  7 1.6240 54.0 1 0
10751  8 1.3440 52.5 0 0
10841  6 1.6500 55.0 1 0
11201  8 2.7320 60.5 1 0
11241  5 2.0170 54.5 1 0
11501  9 2.7970 61.5 0 0
12001  9 3.5560 62.0 1 0
12201  8 1.7030 54.5 1 0
12241  6 1.6340 54.0 1 0
12402  9 2.5700 57.0 1 0
13351  9 3.0160 62.5 0 0
13701  7 2.4190 60.0 0 0
13751  4 1.5690 50.0 0 0
14051  8 1.6980 57.5 0 0
14101  8 2.1230 60.0 1 0
14201  8 2.4810 60.0 0 0
14251  6 1.4810 51.0 0 0
14252  4 1.5770 49.0 0 0
14501  8 1.9400 59.0 1 0
14541  6 1.7470 57.5 1 0
14601  9 2.0690 58.0 1 0
14651  7 1.6310 55.5 0 0
15153  5 1.5360 52.0 0 0
15201  9 2.5600 60.5 0 0
15241  8 1.9620 57.0 1 0
15301  8 2.5310 58.0 0 0
15401  9 2.7150 60.0 1 0
15443  9 2.4570 59.0 1 0
15601  9 2.0900 59.5 1 0
15701  7 1.7890 56.0 1 0
15741  5 1.8580 53.0 1 0
15842  5 1.4520 51.0 1 0
16101  9 3.8420 69.0 1 0
16151  6 1.7190 53.0 0 0
16251  7 2.1110 57.0 0 0
16252  6 1.6950 53.0 0 0
16501  8 2.2110 63.0 1 0
16601  8 1.7940 54.5 1 0
16651  7 1.9170 58.0 0 0
18101  8 2.1440 63.0 0 0
18501  7 1.2530 52.0 1 0
18843  9 2.6590 61.5 1 0
18844  5 1.5800 52.5 1 0
19401  9 2.1260 62.0 1 0
20152  9 3.0290 61.5 0 0
20801  9 2.9640 64.5 1 0
20841  7 1.6110 57.5 1 0
21552  8 2.2150 60.0 0 0
22201  8 2.3880 60.0 0 0
22901  9 2.1960 61.0 1 0
23101  9 1.7510 58.0 1 0
23441  9 2.1650 61.5 1 0
23442  7 1.6820 55.0 1 0
23641  8 1.5230 55.0 1 0
23653  8 1.2920 52.0 0 0
23801  7 1.6490 54.0 1 0
23802  9 2.5880 63.0 1 0
23841  4 0.7960 47.0 1 0
23902  9 2.5740 60.5 0 0
23941  6 1.9790 56.0 1 0
24401  8 2.3540 58.5 1 0
24843  6 1.7180 55.0 1 0
24851  7 1.7420 58.5 0 0
25001  7 1.6030 51.0 0 0
25052  8 2.6390 59.5 0 0
25201  7 1.8290 54.0 0 0
27001  7 2.0840 58.0 1 0
27401  7 2.2200 58.0 1 0
27952  7 1.4730 52.5 0 0
28452  8 2.3410 60.5 0 0
28501  7 1.6980 54.5 0 0
28551  5 1.1960 46.5 0 0
28801  8 1.8720 56.5 0 0
29001  7 2.2190 55.0 1 0
29101  9 2.4200 57.0 1 0
29151  7 1.8270 54.5 0 0
29401  7 1.4610 54.0 0 0
29443  6 1.3380 53.0 1 0
29601  8 2.0900 57.0 1 0
29701  8 1.6970 59.0 0 0
29741  8 1.5620 55.0 1 0
29901  9 2.0400 55.5 0 0
29954  7 1.6090 51.5 0 0
30001  8 2.4580 61.0 0 0
30043  9 2.6500 63.5 1 0
31001  8 1.4290 57.5 1 0
31501  8 1.6750 53.0 1 0
31551  9 1.9470 56.5 0 0
32501  8 2.0690 54.0 1 0
32542  6 1.5720 52.0 1 0
32742  6 1.3480 53.0 1 0
32751  8 2.2880 61.5 0 0
33301  9 1.7730 58.5 1 0
33351  5 0.7910 52.0 0 0
33501  7 1.9050 58.0 1 0
33601  9 2.4630 61.0 0 0
33641  6 1.4310 51.0 1 0
33801  9 2.6310 62.0 0 0
34101  9 3.1140 64.5 1 0
34301  9 2.1350 58.5 1 0
34341  6 1.5270 52.5 1 0
35102  8 2.2930 58.0 0 0
35103  9 3.0420 66.0 0 0
35601  8 2.9270 63.5 1 0
37201  8 2.6650 64.0 0 0
37301  9 2.3010 58.5 1 0
37901  9 2.4600 64.0 1 0
38051  9 2.5920 60.5 0 0
38152  7 1.7500 55.0 0 0
38241  8 1.7590 53.0 1 0
38242  6 1.5360 48.0 1 0
38801  9 2.2590 58.5 0 0
39001  9 2.0480 64.5 0 0
39101  9 2.5710 60.5 1 0
39141  7 2.0460 56.0 1 0
39201  8 1.7800 58.5 0 0
39251  5 1.5520 54.0 0 0
39301  8 1.9530 58.0 0 0
39401  9 2.8930 64.5 1 0
39741  6 1.7130 50.5 1 0
39801  9 2.8510 60.0 0 0
39841  6 1.6240 51.5 1 0
39901  8 2.6310 59.0 1 0
39941  5 1.8190 53.0 1 0
40001  7 1.6580 53.0 1 0
40501  7 2.1580 53.5 1 0
40541  4 1.7890 52.0 1 0
42101  9 3.0040 64.0 0 0
42201  8 2.5030 63.0 1 0
42501  9 1.9330 58.0 0 0
42552  9 2.0910 58.5 0 0
42901  9 2.3160 59.5 0 0
42941  5 1.7040 51.0 0 0
43201  9 1.6060 57.5 0 0
43242  7 1.1650 47.0 1 0
43651  6 2.1020 55.5 0 0
43901  9 2.3200 57.0 0 0
44201  9 2.2300 61.0 1 0
44301  9 1.7160 55.5 1 0
44501  7 1.7900 53.5 1 0
44551  5 1.1460 50.0 0 0
44701  8 2.1870 61.5 0 0
45001  9 2.7170 61.5 1 0
45041  7 1.7960 55.0 1 0
45241  9 1.9530 58.0 1 1
45251  8 1.3350 56.5 0 0
45301  9 2.1190 57.0 1 0
45641  6 1.6660 52.0 1 0
45642  6 1.8260 52.5 1 0
45653  8 2.7090 62.5 0 0
46101  9 2.8710 65.0 1 0
46151  5 1.0920 50.0 0 0
46641  6 2.2620 57.5 1 0
46642  6 2.1040 56.5 1 0
47001  9 2.1660 57.5 0 0
47053  7 1.6900 54.0 0 0
47242  9 2.9730 59.5 1 0
47301  8 2.1450 59.5 0 0
47341  5 1.9710 58.0 1 0
47552  7 2.0950 57.0 0 0
48052  6 1.6970 55.0 0 0
48101  9 2.4550 60.0 0 0
48401  7 1.9200 56.5 1 0
48402  9 2.1640 60.0 1 0
48901  9 2.1300 59.0 0 0
49301  8 2.9930 63.0 0 0
49401  9 2.5290 59.0 0 0
49501  7 1.7260 53.0 0 0
49542  9 2.4420 61.5 0 0
49551  4 1.1020 48.0 0 0
49701  9 2.0560 63.0 0 0
49741  5 1.8080 55.5 1 0
49751  8 2.3050 64.5 0 0
50501  9 1.9690 59.0 0 0
50701  8 1.5560 58.5 0 0
50951  3 1.0720 46.0 0 0
51241  9 2.0420 62.0 1 0
51301  8 1.5120 53.0 0 0
51341  6 1.4230 49.5 1 0
51501  9 3.6810 68.0 1 0
51542  8 1.9910 59.5 1 0
52101  8 1.8970 55.5 1 0
53601  7 1.3700 55.0 0 0
53651  6 1.3380 51.5 0 0
54201  8 2.0160 56.0 1 0
54701  9 2.6390 63.0 0 0
54751  4 1.3890 48.0 0 0
54941  7 1.6120 56.5 1 0
54952  8 2.1350 59.0 0 0
55645  8 2.6810 60.5 1 0
55652  9 3.2230 65.0 0 0
57651  6 1.7960 55.0 0 0
57901  8 2.0100 55.0 1 0
58341  6 1.5230 51.0 0 0
58601  8 1.7440 52.5 1 0
58602  9 2.4850 64.0 0 0
60051  8 2.3350 59.0 0 0
60251  7 1.4150 53.5 0 0
60801  9 2.0760 60.5 1 0
61101  8 2.4350 59.5 1 0
61601  7 1.7280 56.5 0 0
61801  9 2.8500 63.0 0 0
61901  8 1.8440 56.5 0 0
62301  9 1.7540 61.5 0 0
62351  6 1.3430 52.0 0 0
62641  8 2.3030 57.0 1 0
62702  9 2.2460 63.5 1 0
63102  8 2.4760 63.0 0 0
63201  9 3.2390 65.0 1 0
63941  9 2.4570 61.5 1 0
64101  8 2.3820 62.0 0 0
64151  7 1.6400 55.0 0 0
64152  5 1.5890 51.0 0 0
64201  7 2.0560 54.0 1 0
70001  8 2.2260 57.0 1 0
70401  9 1.8860 56.0 0 0
71101  9 2.8330 61.5 1 0
71241  6 1.7150 53.0 1 0
71401  8 2.6310 59.0 1 0
71444  7 2.5500 56.0 1 0
71851  9 1.9120 59.0 0 0
72001  7 1.8770 52.5 0 0
72051  7 1.9350 52.5 0 0
72052  5 1.5390 50.0 0 0
72501  9 2.8030 59.5 1 0
73001  9 2.9230 64.0 1 0
73151  8 2.3580 61.0 0 0
73342  8 2.0940 57.5 1 0
74201  9 1.8550 60.0 1 0
74241  6 1.5350 55.0 0 0
74401  7 2.1350 56.0 1 0
74441  5 1.9300 51.0 1 0
74601  9 2.1820 59.5 0 0
74641  5 1.3590 50.5 1 0
74652  7 2.0020 57.5 0 0
74941  6 1.6990 54.0 1 0
75701  8 2.5000 57.0 1 0
75751  7 2.3660 58.0 0 0
75901  8 2.0690 60.0 0 0
75951  4 1.4180 49.0 0 0
76501  8 2.3330 57.0 0 0
76541  5 1.5140 52.0 1 0
76751  8 1.7580 52.0 0 0
77141  7 2.5350 59.5 1 0
77901  7 2.5640 58.0 0 0
78301  9 2.4870 64.0 0 0
78352  9 1.5910 57.0 0 0
80001  8 1.6240 53.0 1 0
80301  9 2.7980 62.0 1 0
80341  6 1.6910 53.0 1 0
80601  8 1.9990 56.5 0 0
80801  9 1.8690 57.0 1 0
80841  4 1.0040 48.0 1 0
81241  6 1.4270 49.5 1 0
81401  7 1.8260 51.0 1 0
81451  9 2.6880 59.5 0 0
81501  8 1.6570 56.0 1 0
81751  6 1.6720 54.0 0 0
82701  8 2.0150 57.5 0 0
83801  7 2.3710 55.5 0 0
83841  5 2.1150 50.0 1 0
83901  8 2.3280 60.0 0 0
83952  7 1.4950 57.0 0 0
  201 11 2.8840 69.0 1 0
  202 10 2.3280 64.0 1 0
  341 14 3.3810 63.0 1 0
  351 11 2.1700 58.0 0 0
  401 11 3.4700 66.5 1 0
  551 12 3.0580 60.5 0 0
  601 10 1.8110 57.0 1 0
  641 11 2.5240 64.0 1 0
 1751 10 2.6420 61.0 0 0
 2041 14 3.7410 68.5 1 0
 2042 13 4.3360 69.5 1 0
 2142 14 4.8420 72.0 1 0
 2143 12 4.5500 71.0 1 0
 2451 12 2.8410 63.0 0 0
 2801 10 3.1660 61.5 0 0
 2851 13 3.8160 63.5 0 0
 3141 10 2.5610 62.0 1 0
 3501 11 3.6540 65.0 0 0
 3901 10 2.4810 61.0 1 0
 4001 11 2.6650 63.0 0 0
 4341 10 3.2030 66.0 1 0
 4901 13 3.5490 68.0 1 0
 4952 14 2.2360 66.0 0 1
 5001 11 3.2220 72.0 1 0
 5101 10 3.1110 66.0 1 0
 5251 11 3.4900 67.0 0 0
 5351 13 3.1470 64.0 0 0
 5352 10 2.5200 60.5 0 0
 5641 10 2.2920 63.0 1 0
 5701 12 2.8890 64.0 0 0
 6001 10 2.2460 60.5 1 0
 6041 10 1.9370 62.0 1 0
 6145 10 2.6460 60.0 1 0
 6201 11 2.9570 64.5 1 0
 6401 11 4.0070 67.0 1 0
 7101 11 2.3860 61.5 0 0
 7241 10 3.2510 66.0 1 0
 7901 11 2.7620 60.0 0 0
 8301 11 3.0110 64.0 0 0
 8541 13 4.3050 68.5 1 0
 8542 13 3.9060 67.0 1 0
 8842 11 3.5830 67.0 1 0
 8901 11 3.2360 66.0 0 0
 9141 14 3.4360 62.5 1 0
 9142 11 3.0580 61.0 1 0
 9502 10 3.0070 62.0 1 0
 9802 10 3.4890 66.5 1 0
10001 10 2.8640 60.0 0 0
10053 14 3.4280 64.0 0 1
10054 13 2.8190 62.0 0 0
10501 10 2.2500 58.0 0 0
10642 14 4.6830 68.5 1 0
10801 10 2.3520 61.5 1 0
10901 11 3.1080 64.5 1 0
10942 13 3.9940 67.0 1 0
11101 12 4.3930 68.5 1 0
11151 13 3.2080 61.0 0 1
11301 10 2.5920 65.0 1 0
11341 13 3.1930 70.0 1 0
11601 11 1.6940 60.0 1 1
11642 14 3.9570 72.0 1 1
11901 11 2.3460 59.0 0 0
11942 13 4.7890 69.0 1 1
12501 11 3.5150 67.5 1 0
13301 11 2.7540 65.5 0 0
14001 10 2.7200 65.5 1 0
14143 11 2.4630 64.5 1 0
14401 11 2.6330 62.0 0 0
15101 10 3.0480 65.5 0 0
15141 11 3.1110 67.5 1 0
15152 13 3.7450 68.0 0 0
15302 12 2.3840 63.5 0 1
15342 10 2.0940 58.5 1 0
15451 10 3.1830 65.5 0 0
15751 14 3.0740 65.0 0 1
15801 11 3.9770 70.5 1 0
15841 10 3.3540 63.0 1 0
16201 11 3.4110 63.5 0 0
16551 10 2.3870 66.0 0 1
16901 11 3.1710 63.0 0 0
16941 13 3.8870 67.5 1 0
16951 13 2.6460 61.5 0 0
16952 10 2.5040 60.0 0 0
17301 11 3.5870 64.5 1 0
17401 11 3.8450 68.5 1 0
17801 12 2.9710 64.5 1 0
17851 10 2.8910 61.0 0 0
18502 10 1.8230 57.0 0 0
18541 11 2.4170 62.5 1 0
18551 10 2.1750 58.0 0 0
18801 11 2.7350 62.5 0 0
18841 14 4.2730 72.5 1 0
18842 13 2.9760 65.5 1 0
19601 12 3.8350 69.5 0 1
19901 11 4.0650 66.5 1 0
20101 11 2.3180 59.0 0 0
21301 11 3.5960 68.0 1 0
21352 14 3.3950 67.0 0 0
21353 12 2.7510 63.0 0 0
21501 10 2.6730 64.5 0 0
22253 12 2.5560 62.0 0 0
23151 11 2.5420 62.0 0 0
23401 10 2.6080 66.0 1 0
23601 11 2.3540 62.0 0 0
23651 13 2.5990 62.5 0 1
23652 10 1.4580 57.0 0 0
23901 10 3.7950 68.5 1 0
24201 11 2.4910 59.0 0 0
24251 13 3.0600 61.5 0 0
24501 10 2.5450 65.0 1 0
24543 11 2.9930 66.5 1 0
24601 10 3.3050 65.0 0 0
24642 13 4.7560 68.0 1 1
24701 11 3.7740 67.0 0 0
24741 10 2.8550 64.5 1 0
24801 11 2.9880 70.0 1 0
25041 11 2.4980 60.0 1 0
25051 14 3.1690 64.0 0 0
25501 11 2.8870 62.5 1 0
25551 13 2.7040 61.0 0 0
25901 11 3.5150 64.0 0 0
27441 11 3.4250 65.5 1 0
27701 10 2.2870 61.0 0 0
27751 13 2.4340 65.4 0 0
27901 10 2.3650 63.5 0 0
27951 13 3.0860 67.5 0 1
28401 10 2.6960 66.0 1 0
29952 12 2.8680 62.0 0 0
29953 10 2.8130 61.5 0 0
30042 14 4.3090 69.0 1 1
30051 12 3.2550 66.0 0 0
30052 10 3.4130 66.0 0 1
30401 11 4.5930 69.0 1 0
31042 14 4.1110 71.0 1 0
31201 12 1.9160 60.5 1 0
31242 10 1.8580 58.0 1 0
31502 10 2.9750 63.0 0 1
31901 10 3.3500 69.0 1 0
32541 10 2.9010 59.5 1 0
32701 12 2.2410 64.0 1 0
32741 13 4.2250 74.0 1 0
33001 11 3.2230 64.5 0 0
33041 12 5.2240 70.0 1 0
33502 11 4.0730 67.0 1 0
33541 12 4.0800 64.5 1 0
33701 11 2.6060 65.0 0 0
34201 11 3.1690 62.5 0 1
34243 12 4.4110 68.0 1 0
35101 12 3.7910 68.5 1 0
35901 13 3.0890 67.5 1 0
35941 11 2.4650 60.0 1 0
36001 12 3.3430 68.0 1 1
36041 10 3.2000 65.0 1 0
36101 12 2.9130 64.0 1 0
37241 13 4.8770 73.0 1 0
37351 10 2.3580 59.0 0 0
37401 12 3.2790 70.5 1 0
37701 10 2.5810 66.0 1 0
37702 12 2.3470 61.5 0 0
37951 10 2.6910 67.0 0 0
38001 11 2.8270 62.5 0 0
38201 10 1.8730 52.5 1 0
39041 12 3.7510 72.0 1 1
39052 14 2.5380 71.0 0 0
39601 10 2.7580 65.5 1 0
39701 10 3.0500 60.0 0 0
40051 12 3.0790 60.0 0 0
40301 10 2.2010 60.5 1 0
41601 10 1.8580 59.0 1 0
42151 13 2.2160 68.0 0 1
42251 12 3.4030 62.0 0 0
42301 12 3.5010 64.5 0 0
42502 11 2.5780 63.0 0 0
42551 13 3.0780 66.0 0 1
43002 12 3.1860 67.0 0 1
43241 10 1.6650 57.0 1 0
43251 11 2.0810 63.0 0 0
43301 11 2.9740 62.0 0 0
43351 13 3.2970 65.0 0 1
43601 12 4.0730 68.5 1 0
43641 13 4.4480 69.0 1 0
44242 13 3.9840 71.0 1 0
44302 10 2.2500 58.0 0 0
44351 12 2.7520 63.5 0 0
44601 12 2.3040 66.5 1 1
44742 14 3.6800 67.0 1 0
45201 11 3.1020 64.0 0 1
45601 10 2.8620 61.0 0 0
45651 13 2.6770 67.0 0 1
45652 11 3.0230 67.5 0 0
46301 11 3.6810 68.0 0 0
46353 13 3.2550 66.5 0 0
46601 12 3.6920 67.0 1 0
46651 10 2.3560 60.5 0 0
46901 10 4.5910 70.0 1 0
46951 12 3.0820 63.5 0 0
47051 13 3.2970 65.0 0 1
47052 11 3.2580 63.0 0 0
47801 10 2.2160 61.0 1 0
47841 11 3.2470 65.5 1 0
48001 11 4.3240 67.5 1 0
48142 11 2.3620 61.0 0 0
48951 11 2.5630 63.0 0 0
49201 11 3.2060 63.5 1 0
49341 14 3.5850 70.0 1 0
49342 12 4.7200 71.5 1 0
49451 13 3.3310 65.5 0 0
49541 13 5.0830 74.0 1 0
50301 10 3.4980 68.0 1 1
50551 12 2.4170 61.0 0 0
50702 10 2.3640 61.0 1 0
50901 10 2.3410 61.0 1 0
51101 12 2.7590 61.5 0 1
51201 11 2.9530 67.0 0 1
51302 12 3.2310 63.0 1 0
51541 11 3.0780 67.5 1 0
51601 11 3.3690 70.5 1 0
51641 12 3.5290 70.5 1 0
52401 12 2.8660 62.0 0 0
52452 14 2.8910 62.0 0 0
52801 11 3.0220 61.5 0 0
53101 10 3.1270 62.0 1 0
53151 11 2.8660 60.5 0 0
53301 12 2.6050 62.5 0 0
54251 13 3.0560 63.0 0 0
54901 12 2.5690 63.0 0 0
54951 11 2.5010 62.0 0 0
55601 11 3.3200 65.5 1 0
55901 11 2.1230 65.0 1 0
55941 14 3.7800 70.0 1 0
56601 11 3.8470 66.0 1 0
56651 13 3.7850 63.0 0 1
56901 12 3.9240 68.0 1 0
57001 10 2.1320 59.0 1 0
57042 12 2.7520 68.5 1 0
57053 13 2.4490 63.0 0 0
57601 10 3.4560 63.0 1 0
58301 10 3.0730 66.0 0 0
58603 10 2.6880 62.0 0 0
59901 10 3.3290 68.0 1 0
59941 14 4.2710 72.5 1 0
60001 12 3.5300 64.0 1 0
60201 11 2.9280 65.5 1 0
60851 11 2.6890 61.5 0 0
61301 12 2.3320 57.0 1 0
61351 14 2.9340 64.0 0 0
61941 14 2.2760 66.0 1 1
62601 10 3.1100 64.5 1 0
62701 11 2.8940 67.0 1 0
62801 11 4.6370 72.0 1 1
62802 10 2.4350 65.0 0 0
63101 10 2.8380 63.0 0 0
63252 12 3.0350 62.0 0 0
63901 12 4.8310 71.0 1 0
64241 11 2.8120 61.0 1 0
70051 12 2.7140 65.5 0 0
70052 10 3.0860 62.0 0 0
70201 12 3.5190 65.5 0 0
70441 13 4.2320 70.5 1 0
70442 10 2.7700 62.0 1 0
71151 12 3.3410 65.5 0 0
71201 10 3.0900 65.0 1 0
71443 13 2.5310 61.0 1 0
71801 12 2.8220 69.5 1 0
72552 10 3.0380 65.0 0 1
72901 12 2.9350 65.5 1 0
73101 10 2.5680 63.5 0 0
73301 11 2.3870 60.5 1 0
73341 12 2.4990 65.0 1 0
73701 11 4.1300 67.0 1 0
74651 12 3.0010 63.5 0 0
74701 10 3.1320 59.5 0 0
74751 13 3.5770 63.5 0 0
74752 12 3.2220 61.0 0 0
74901 11 3.2800 66.0 1 0
75801 11 2.6590 64.0 1 0
76601 11 2.8220 62.0 0 0
76701 11 2.1400 60.5 0 0
77101 12 4.2030 71.0 1 0
77152 14 2.9970 64.5 0 0
77501 11 3.1200 61.0 0 1
77601 11 2.5620 62.5 0 0
80051 12 3.0820 64.5 0 0
80641 14 3.8060 68.0 1 0
80642 11 3.3390 68.5 1 1
80651 13 3.1520 62.0 0 1
81201 11 2.4580 60.0 0 0
81541 10 2.3910 59.5 1 0
81551 13 3.1410 61.0 0 0
81552 12 2.5790 63.0 0 0
81701 11 3.1040 67.5 0 1
81741 13 4.0450 69.0 1 1
82743 14 4.7630 68.0 1 1
82744 10 2.1000 58.0 1 0
83951 11 3.0690 65.0 0 1
90001 11 2.7850 69.0 1 0
  441 15 4.2840 70.0 1 0
 4041 15 4.5060 71.0 1 1
 4051 18 2.9060 66.0 0 0
 6144 19 5.1020 72.0 1 0
 6252 19 3.5190 66.0 0 1
 6441 16 3.6880 68.0 1 1
 7142 17 4.4290 70.0 1 0
 8841 15 4.2790 67.5 1 0
10941 15 4.5000 70.0 1 0
15351 15 2.6350 64.0 0 0
15752 15 2.6790 66.0 0 1
20151 15 2.1980 62.0 0 1
21351 19 3.3450 65.5 0 1
22251 18 3.0820 64.5 0 0
22252 16 3.3870 66.5 0 0
24541 17 3.0820 67.0 1 1
24552 16 2.9030 63.0 0 1
24553 15 3.0040 64.0 0 1
25941 15 5.7930 69.0 1 0
30041 15 3.9850 71.0 1 0
30441 18 4.2200 68.0 1 0
30442 17 4.7240 70.5 1 0
33741 15 3.7310 67.0 1 0
34241 17 3.4060 69.0 1 1
37251 17 3.5000 62.0 0 0
37252 16 3.6740 67.5 0 0
37441 17 5.6330 73.0 1 0
37451 15 3.1220 64.0 0 1
39051 15 3.3300 68.5 0 1
40351 16 2.6080 62.0 0 1
44241 16 3.6450 73.5 1 0
47241 15 3.7990 66.5 1 1
48141 18 4.0860 67.0 1 1
48152 15 2.8870 63.0 0 0
48441 16 4.0700 69.5 1 1
52841 17 3.9600 70.0 1 0
52842 16 4.2990 66.0 1 0
55951 16 2.9810 66.0 0 0
57052 15 2.2640 63.0 0 1
59944 18 4.4040 70.5 1 1
61951 15 2.2780 60.0 0 1
63241 16 4.5040 72.0 1 0
71141 17 5.6380 70.0 1 0
71142 16 4.8720 72.0 1 1
73041 16 4.2700 67.0 1 1
73042 15 3.7270 68.0 1 1
73751 18 2.8530 60.0 0 0
75852 16 2.7950 63.0 0 1
77151 15 3.2110 66.5 0 0
